Using Integer Programming
-----------------------------------------------------------------------
 No.      Dish Name  Table  Release  Machine  Start  Complete  Waiting 
   1       法式烤雞      1        6        1      6         8        2
   2       法式烤雞      2       14        1     16        18        4
   3       法式鴨胸      2       14        2     14        20        6
   4       法式烤雞      2       14        1     14        16        2
   5       法式鴨胸      3       17        1     24        29       12
   6       原塊牛排      3       17        1     20        24        7
   7       法式鴨胸      3       17        2     20        26        9
   8       法式烤雞      3       17        1     18        20        3
   9       海陸雙拼      4       24        2     26        30        6
  10       海陸雙拼      4       24        2     33        37       13
  11       鮮烤牛排      4       24        2     30        33        9
  12       原塊牛排      4       24        2     37        42       18
  13       原塊牛排      4       24        1     36        40       16
  14       海陸雙拼      5       28        1     33        36        8
  15       鮮烤牛排      5       28        1     29        31        3
  16       法式烤雞      5       28        1     31        33        5
Total Waiting Time : 123
Average Waiting Time : 7
